12

H 4.53289976364 2.53312320996 -8.5461164593
H -2.70012775914 0.491874404865 -9.6159955103
H 8.06037218004 -1.13701980855 5.80840651764
H -3.37467820448 4.15989412706 8.4443370295
H -6.49096319754 -5.83259736822 4.8834623689
H 3.50634117518 -7.53849440384 -5.55667829612
H -9.34073769271 -1.21790483247 -3.35668395518
H -6.89929176037 -2.14423254677 -6.91390193673
H 3.94047559748 -5.06847683263 -7.66701993363
H 0.300249358981 4.5614534602 -8.89398631958
H -1.65318560943 -5.8089087618 -7.97016664429
H -2.27002421465 -6.127780786 7.56949751989
